turnOn 887,9,959,629
turnOn 454,398,844,448
turnOff 539,243,559,965
turnOff 370,819,676,868
turnOff 145,40,370,997
turnOff 301,3,808,453
turnOn 351,678,951,908
toggle 720,196,897,994
toggle 831,394,904,860
toggle 753,664,970,926
turnOff 150,300,213,740
turnOn 141,242,932,871
toggle 294,259,474,326
toggle 678,333,752,957
toggle 393,804,510,976
turnOff 6,964,411,976
turnOff 33,572,978,590
turnOn 579,693,650,978
turnOn 150,20,652,719
turnOff 782,143,808,802
turnOff 240,377,761,468
turnOff 899,828,958,967
turnOn 613,565,952,659
turnOn 295,36,964,978
toggle 846,296,969,528
turnOff 211,254,529,491
turnOff 231,594,406,794
turnOff 169,791,758,942
turnOn 955,440,980,477
toggle 944,498,995,928
turnOn 519,391,605,718
toggle 521,303,617,366
turnOff 524,349,694,791
toggle 391,87,499,792
toggle 562,527,668,935
turnOff 68,358,857,453
toggle 815,811,889,828
turnOff 666,61,768,87
turnOn 27,501,921,952
turnOn 953,102,983,471
turnOn 277,552,451,723
turnOff 64,253,655,960
turnOn 47,485,734,977
turnOff 59,119,699,734
toggle 407,898,493,955
toggle 912,966,949,991
turnOn 479,990,895,990
toggle 390,589,869,766
toggle 593,903,926,943
toggle 358,439,870,528
turnOff 649,410,652,875
turnOn 629,834,712,895
toggle 254,555,770,901
toggle 641,832,947,850
turnOn 268,448,743,777
turnOff 512,123,625,874
turnOff 498,262,930,811
turnOff 835,158,886,242
toggle 546,310,607,773
turnOn 501,505,896,909
turnOff 666,796,817,924
toggle 987,789,993,809
toggle 745,8,860,693
toggle 181,983,731,988
turnOn 826,174,924,883
turnOn 239,228,843,993
turnOn 205,613,891,667
toggle 867,873,984,896
turnOn 628,251,677,681
toggle 276,956,631,964
turnOn 78,358,974,713
turnOn 521,360,773,597
turnOff 963,52,979,502
turnOn 117,151,934,622
toggle 237,91,528,164
turnOn 944,269,975,453
toggle 979,460,988,964
turnOff 440,254,681,507
toggle 347,100,896,785
turnOff 329,592,369,985
turnOn 931,960,979,985
toggle 703,3,776,36
toggle 798,120,908,550
turnOff 186,605,914,709
turnOff 921,725,979,956
toggle 167,34,735,249
turnOn 726,781,987,936
toggle 720,336,847,756
turnOn 171,630,656,769
turnOff 417,276,751,500
toggle 559,485,584,534
turnOn 568,629,690,873
toggle 248,712,277,988
toggle 345,594,812,723
turnOff 800,108,834,618
turnOff 967,439,986,869
turnOn 842,209,955,529
turnOn 132,653,357,696
turnOn 817,38,973,662
turnOff 569,816,721,861
turnOn 568,429,945,724
turnOn 77,458,844,685
turnOff 138,78,498,851
turnOn 136,21,252,986
turnOff 2,460,863,472
turnOn 172,81,839,332
turnOn 123,216,703,384
turnOff 879,644,944,887
toggle 227,491,504,793
toggle 580,418,741,479
toggle 65,276,414,299
toggle 482,486,838,931
turnOff 557,768,950,927
turnOff 615,617,955,864
turnOn 859,886,923,919
turnOn 391,330,499,971
toggle 521,835,613,847
turnOn 822,787,989,847
turnOn 192,142,357,846
turnOff 564,945,985,945
turnOff 479,361,703,799
toggle 56,481,489,978
turnOff 632,991,774,998
toggle 723,526,945,792
turnOn 344,149,441,640
toggle 568,927,624,952
turnOn 621,784,970,788
toggle 665,783,795,981
toggle 386,610,817,730
toggle 440,399,734,417
toggle 939,201,978,803
turnOff 395,883,554,929
turnOn 340,309,637,561
turnOff 875,147,946,481
turnOff 945,837,957,922
turnOff 429,982,691,991
toggle 227,137,439,822
toggle 4,848,7,932
turnOff 545,146,756,943
turnOn 763,863,937,994
turnOn 232,94,404,502
turnOff 742,254,930,512
turnOn 91,931,101,942
toggle 585,106,651,425
turnOn 506,700,567,960
turnOff 548,44,718,352
turnOff 194,827,673,859
turnOff 6,645,509,764
turnOff 13,230,821,361
turnOn 734,629,919,631
toggle 788,552,957,972
toggle 244,747,849,773
turnOff 162,553,276,887
turnOff 569,577,587,604
turnOff 799,482,854,956
turnOn 744,535,909,802
toggle 330,641,396,986
turnOff 927,458,966,564
toggle 984,486,986,913
toggle 519,682,632,708
turnOn 984,977,989,986
toggle 766,423,934,495
turnOn 17,509,947,718
turnOn 413,783,631,903
turnOn 482,370,493,688
turnOn 433,859,628,938
turnOff 769,549,945,810
turnOn 178,853,539,941
turnOff 203,251,692,433
turnOff 525,638,955,794
turnOn 169,70,764,939
toggle 59,352,896,404
toggle 143,245,707,320
turnOff 103,35,160,949
toggle 496,24,669,507
turnOff 581,847,847,903
turnOn 689,153,733,562
turnOn 821,487,839,699
turnOn 837,627,978,723
toggle 96,748,973,753
toggle 99,818,609,995
turnOn 731,193,756,509
turnOff 622,55,813,365
turnOn 456,490,576,548
turnOn 48,421,163,674
turnOff 853,861,924,964
turnOff 59,963,556,987
turnOn 458,710,688,847
toggle 12,484,878,562
turnOff 241,964,799,983
turnOff 434,299,845,772
toggle 896,725,956,847
turnOn 740,289,784,345
turnOff 395,840,822,845
turnOn 955,224,996,953
turnOff 710,186,957,722
turnOff 485,949,869,985
turnOn 848,209,975,376
toggle 221,241,906,384
turnOn 588,49,927,496
turnOn 273,332,735,725
turnOn 505,962,895,962
toggle 820,112,923,143
turnOn 919,792,978,982
toggle 489,461,910,737
turnOff 202,642,638,940
turnOff 708,953,970,960
toggle 437,291,546,381
turnOn 409,358,837,479
turnOff 756,279,870,943
turnOff 154,657,375,703
turnOff 524,622,995,779
toggle 514,221,651,850
toggle 808,464,886,646
toggle 483,537,739,840
toggle 654,769,831,825
turnOff 326,37,631,69
turnOff 590,570,926,656
turnOff 881,913,911,998
turnOn 996,102,998,616
turnOff 677,503,828,563
turnOn 860,251,877,441
turnOff 964,100,982,377
toggle 888,403,961,597
turnOff 632,240,938,968
toggle 731,176,932,413
turnOn 5,498,203,835
turnOn 819,352,929,855
toggle 393,813,832,816
toggle 725,689,967,888
turnOn 968,950,969,983
turnOff 152,628,582,896
turnOff 165,844,459,935
turnOff 882,741,974,786
turnOff 283,179,731,899
toggle 197,366,682,445
turnOn 106,309,120,813
toggle 950,387,967,782
turnOff 274,603,383,759
turnOff 155,665,284,787
toggle 551,871,860,962
turnOff 30,826,598,892
toggle 76,552,977,888
turnOn 938,180,994,997
toggle 62,381,993,656
toggle 625,861,921,941
turnOn 685,311,872,521
turnOn 124,934,530,962
turnOn 606,379,961,867
turnOff 792,735,946,783
turnOn 417,480,860,598
toggle 178,91,481,887
turnOff 23,935,833,962
toggle 317,14,793,425
turnOn 986,89,999,613
turnOff 359,201,560,554
turnOff 729,494,942,626
turnOn 204,143,876,610
toggle 474,97,636,542
turnOff 902,924,976,973
turnOff 389,442,824,638
turnOff 622,863,798,863
turnOn 840,622,978,920
toggle 567,374,925,439
turnOff 643,319,935,662
toggle 185,42,294,810
turnOn 47,124,598,880
toggle 828,303,979,770
turnOff 174,272,280,311
turnOff 540,50,880,212
turnOn 141,994,221,998
turnOn 476,695,483,901
turnOn 960,216,972,502
toggle 752,335,957,733
turnOff 419,713,537,998
toggle 772,846,994,888
turnOn 881,159,902,312
turnOff 537,651,641,816
toggle 561,947,638,965
turnOn 368,458,437,612
turnOn 290,149,705,919
turnOn 711,918,974,945
toggle 916,242,926,786
toggle 522,272,773,314
turnOn 432,897,440,954
turnOff 132,169,775,380
toggle 52,205,693,747
toggle 926,309,976,669
turnOff 838,342,938,444
turnOn 144,431,260,951
toggle 780,318,975,495
turnOff 185,412,796,541
turnOn 879,548,892,860
turnOn 294,132,460,338
turnOn 823,500,899,529
turnOff 225,603,483,920
toggle 717,493,930,875
toggle 534,948,599,968
turnOn 522,730,968,950
turnOff 102,229,674,529
